54772192
1818559
96453589
31562712
57322344
69472081
111012
21408319
92640719
61294860
21327469
53263210
40582092
28394045
71159969
2157594
58200604
23406796
76254691
21916831
62388905
63738670
26204979
7771881
59943270
80583057
95793202
52859755
2075209
99525631
33755453
35407358
27398776
18898781
74552050
61167570
35845404
33774409
79535361
89984239
57416385
83451617
93069601
7626451
90670347
12456687
88103643
36406985
53298385
79583560
31475157
69403517
10853392
79612930
57941600
64597087
3837970
55989364
30518141
30458584
90178174
78102020
85241869
56602460
4287298
69650713
84917682
22260866
86060151
50690452
79466300
15142491
16189759
48108189
40868115
26720024
57424386
92772187
66605653
82892525
43330140
47838312
54852636
91021440
38201699
88828952
22709517
40070762
13020663
83479581
12206776
88705935
51064471
70264569
62293291
67887552
91338327
56759295
42384628
19062215
89549704
36762545
65980816
80073026
49304259
84459031
46163305
92297335
91470376
4243674
54249696
94095222
79354938
27136429
38474371
43628631
72990601
48425792
71070649
62709171
20040550
46032149
40764114
50477866
79805183
35062693
15657913
72197366
10639508
53191828
74447311
71914086
59133527
98084299
91062387
83689168
41848719
21283911
15325792
81328486
77584362
52674907
9253255
89806702
67348822
68776016
42791133
93708934
47683245
43970228
21994327
57504058
20830613
31554532
76251166
34808236
59340023
47416276
13518519
80865077
82164806
95435324
41236744
64021281
78588359
5529302
63957306
60796342
91025348
57426714
77145225
22724514
33351724
28468671
68301472
25527807
27943666
52461789
38671842
81392557
25561570
46263168
89589577
77038019
71423560
67019718
56009735
68932922
98988290
26565463
60536315
13782449
32549829
5696904
56946718
17171986
6197126
1463826
84204677
12099676